#,Předmět,Přiřazeno,Stav,Priorita
5806,FO 125/2017,Petra Smutná,Dokončen,Normální
